16, 1460193064506, 1460193064712
66, 1460193064589, 1460193064702
65, 1460193064796, 1460193064887
65, 1460193064949, 1460193065050
89, 1460193064980, 1460193065060
83, 1460193065084, 1460193065199
32, 1460193065178, 1460193065265
71, 1460193065324, 1460193065432
73, 1460193065388, 1460193065519
79, 1460193065450, 1460193065582
87, 1460193065504, 1460193065627
70, 1460193065670, 1460193065817
32, 1460193065788, 1460193065913
67, 1460193066228, 1460193066361
85, 1460193066332, 1460193066472
32, 1460193066538, 1460193066644
67, 1460193066624, 1460193066731
65, 1460193066808, 1460193066876
85, 1460193066931, 1460193067015
65, 1460193066963, 1460193067068
74, 1460193067120, 1460193067208
32, 1460193067233, 1460193067370
77, 1460193067348, 1460193067432
79, 1460193067508, 1460193067646
87, 1460193067544, 1460193067657
73, 1460193067673, 1460193067797
83, 1460193067760, 1460193067883
32, 1460193067840, 1460193067957
66, 1460193068011, 1460193068186
73, 1460193068116, 1460193068266
69, 1460193068151, 1460193068234
69, 1460193068296, 1460193068380
83, 1460193068484, 1460193068558
84, 1460193068675, 1460193068792
32, 1460193071847, 1460193071942
76, 1460193072054, 1460193072197
65, 1460193072110, 1460193072233
70, 1460193072309, 1460193072417
32, 1460193072394, 1460193072528
67, 1460193072510, 1460193072662
85, 1460193072594, 1460193072683
32, 1460193072645, 1460193072764
67, 1460193072727, 1460193072840
65, 1460193072906, 1460193072993
85, 1460193073048, 1460193073112
65, 1460193073080, 1460193073169
74, 1460193073221, 1460193073370
32, 1460193073244, 1460193073433
67, 1460193073357, 1460193073473
72, 1460193073445, 1460193073582
69, 1460193073560, 1460193073627
69, 1460193073696, 1460193073765
83, 1460193073853, 1460193073931
84, 1460193074044, 1460193074155
32, 1460193074117, 1460193074254
16, 1460193074217, 1460193074460
49, 1460193074359, 1460193074469
13, 1460193074537, 1460193074669
16, 1460193074911, 1460193075123
78, 1460193075065, 1460193075192
65, 1460193075149, 1460193075257
89, 1460193075289, 1460193075388
70, 1460193075376, 1460193075496
32, 1460193075594, 1460193075813
16, 1460193075684, 1460193075927
49, 1460193075837, 1460193075911
32, 1460193076102, 1460193076196
16, 1460193076227, 1460193076506
79, 1460193076271, 1460193076357
79, 1460193076420, 1460193076500
78, 1460193076578, 1460193076707
71, 1460193076725, 1460193076816
32, 1460193077230, 1460193077374
71, 1460193077325, 1460193077463
73, 1460193077411, 1460193077528
65, 1460193077566, 1460193077708
79, 1460193077666, 1460193077802
83, 1460193077749, 1460193077878
32, 1460193077834, 1460193077952
65, 1460193078003, 1460193078139
74, 1460193078070, 1460193078177
32, 1460193078305, 1460193078448
16, 1460193078417, 1460193078676
49, 1460193078519, 1460193078668
32, 1460193078782, 1460193078878
16, 1460193078849, 1460193079042
67, 1460193078943, 1460193079034
65, 1460193079095, 1460193079219
73, 1460193079199, 1460193079318
83, 1460193079300, 1460193079399
32, 1460193079366, 1460193079504
71, 1460193079621, 1460193079768
73, 1460193080007, 1460193080135
79, 1460193080184, 1460193080514
78, 1460193080408, 1460193080554
83, 1460193080463, 1460193080587
71, 1460193080750, 1460193080878
79, 1460193081074, 1460193081177
32, 1460193081254, 1460193081385
78, 1460193081361, 1460193081512
79, 1460193081469, 1460193081623
83, 1460193081573, 1460193081689
32, 1460193081662, 1460193081805
67, 1460193081787, 1460193081907
85, 1460193081894, 1460193081981
88, 1460193081999, 1460193082083
78, 1460193082062, 1460193082204
71, 1460193082182, 1460193082309
32, 1460193082270, 1460193082405
75, 1460193082374, 1460193082498
72, 1460193082559, 1460193082709
79, 1460193082693, 1460193082752
79, 1460193082835, 1460193083055
78, 1460193082947, 1460193083096
71, 1460193083072, 1460193083148
32, 1460193083773, 1460193083878
16, 1460193083864, 1460193084055
49, 1460193083993, 1460193084133
32, 1460193084089, 1460193084225
16, 1460193084189, 1460193084404
78, 1460193084338, 1460193084423
79, 1460193084512, 1460193084619
83, 1460193084582, 1460193084673
32, 1460193084643, 1460193084757
67, 1460193084778, 1460193084902
85, 1460193084877, 1460193084975
87, 1460193084939, 1460193085040
83, 1460193085150, 1460193085288
32, 1460193085228, 1460193085404
76, 1460193085277, 1460193085405
65, 1460193085389, 1460193085506
77, 1460193085491, 1460193085645
70, 1460193085591, 1460193085753
32, 1460193085688, 1460193085838
73, 1460193085826, 1460193085933
78, 1460193085988, 1460193086125
32, 1460193086097, 1460193086223
78, 1460193086206, 1460193086312
72, 1460193086374, 1460193086521
85, 1460193086419, 1460193086551
87, 1460193086503, 1460193086647
78, 1460193086736, 1460193086811
32, 1460193087199, 1460193087288
8, 1460193087369, 1460193087460
8, 1460193087529, 1460193087648
32, 1460193087679, 1460193087848
78, 1460193087790, 1460193087944
79, 1460193087861, 1460193088013
83, 1460193088092, 1460193088227
32, 1460193088297, 1460193088529
84, 1460193088425, 1460193088567
82, 1460193088498, 1460193088590
65, 1460193088709, 1460193088864
83, 1460193088838, 1460193088939
67, 1460193089035, 1460193089168
72, 1460193089090, 1460193089226
32, 1460193089278, 1460193089480
84, 1460193089370, 1460193089531
79, 1460193089456, 1460193089547
79, 1460193089621, 1460193089818
73, 1460193089690, 1460193089824
59, 1460193090912, 1460193091003
32, 1460193091046, 1460193091171
78, 1460193091388, 1460193091558
79, 1460193091528, 1460193091627
83, 1460193091668, 1460193091849
32, 1460193091892, 1460193092012
67, 1460193092054, 1460193092138
69, 1460193092587, 1460193092656
69, 1460193092724, 1460193092869
85, 1460193092765, 1460193092884
32, 1460193092854, 1460193092964
85, 1460193093143, 1460193093258
87, 1460193093204, 1460193093349
32, 1460193093460, 1460193093557
85, 1460193093594, 1460193093727
87, 1460193093683, 1460193093825
82, 1460193093877, 1460193094011
188, 1460193095517, 1460193095645
32, 1460193095675, 1460193095816
78, 1460193095785, 1460193095883
72, 1460193095971, 1460193096094
73, 1460193096046, 1460193096146
78, 1460193096203, 1460193096342
70, 1460193096306, 1460193096446
32, 1460193096425, 1460193096609
84, 1460193096519, 1460193096648
79, 1460193096889, 1460193096971
79, 1460193097046, 1460193097249
73, 1460193097115, 1460193097250
32, 1460193097229, 1460193097384
78, 1460193097349, 1460193097451
72, 1460193097516, 1460193097662
85, 1460193097569, 1460193097694
87, 1460193097642, 1460193097775
32, 1460193097748, 1460193097899
77, 1460193097806, 1460193097904
85, 1460193097994, 1460193098100
79, 1460193098164, 1460193098238
79, 1460193098306, 1460193098514
78, 1460193098375, 1460193098523
83, 1460193098492, 1460193098652
32, 1460193098551, 1460193098700
66, 1460193098628, 1460193098743
65, 1460193098717, 1460193098841
79, 1460193098818, 1460193098958
82, 1460193098929, 1460193099058
32, 1460193099044, 1460193099152
84, 1460193099220, 1460193099386
79, 1460193099333, 1460193099413
79, 1460193099476, 1460193099638
73, 1460193099519, 1460193099644
32, 1460193099614, 1460193099701
82, 1460193099677, 1460193099813
65, 1460193099941, 1460193100043
87, 1460193100126, 1460193100227
78, 1460193100203, 1460193100359
71, 1460193100332, 1460193100432
70, 1460193100520, 1460193100650
16, 1460193100603, 1460193100845
59, 1460193100686, 1460193100810
32, 1460193100835, 1460193100974
16, 1460193100946, 1460193101492
222, 1460193101119, 1460193101233
65, 1460193101357, 1460193101486
16, 1460193102208, 1460193102411
49, 1460193102309, 1460193102457
32, 1460193102484, 1460193102627
16, 1460193102561, 1460193102781
76, 1460193102664, 1460193102784
65, 1460193102758, 1460193102907
79, 1460193102884, 1460193103006
88, 1460193103519, 1460193103631
32, 1460193104043, 1460193104130
71, 1460193104199, 1460193104332
73, 1460193104281, 1460193104434
65, 1460193104452, 1460193104563
70, 1460193104638, 1460193104727
32, 1460193104772, 1460193104858
84, 1460193104819, 1460193104918
69, 1460193105023, 1460193105112
69, 1460193105185, 1460193105316
74, 1460193105214, 1460193105326
32, 1460193105369, 1460193105483
76, 1460193105445, 1460193105605
65, 1460193105547, 1460193105642
87, 1460193105718, 1460193105813
77, 1460193105760, 1460193105876
83, 1460193105894, 1460193106058
32, 1460193106033, 1460193106176
16, 1460193106134, 1460193106350
49, 1460193106236, 1460193106358
32, 1460193106624, 1460193106774
16, 1460193106734, 1460193106888
84, 1460193106762, 1460193106899
79, 1460193106972, 1460193107292
73, 1460193107179, 1460193107316
79, 1460193108416, 1460193108543
32, 1460193108564, 1460193108702
65, 1460193108652, 1460193108771
87, 1460193108850, 1460193108997
78, 1460193108965, 1460193109096
32, 1460193109115, 1460193109251
79, 1460193109204, 1460193109330
87, 1460193109304, 1460193109447
82, 1460193109493, 1460193109608
32, 1460193109560, 1460193109669
86, 1460193109724, 1460193109813
79, 1460193109782, 1460193109933
87, 1460193109910, 1460193110017
73, 1460193110006, 1460193110130
83, 1460193110110, 1460193110226
32, 1460193110161, 1460193110300
76, 1460193110243, 1460193110375
65, 1460193110312, 1460193110439
79, 1460193110464, 1460193110588
88, 1460193110503, 1460193110641
32, 1460193110600, 1460193110740
78, 1460193110694, 1460193110805
72, 1460193110876, 1460193111046
85, 1460193110934, 1460193111148
87, 1460193111026, 1460193111114
32, 1460193111131, 1460193111258
84, 1460193111196, 1460193111331
72, 1460193111319, 1460193111438
69, 1460193111414, 1460193111496
69, 1460193111565, 1460193111649
83, 1460193111745, 1460193111879
32, 1460193111813, 1460193111948
77, 1460193111902, 1460193112034
65, 1460193112021, 1460193112132
70, 1460193112217, 1460193112361
32, 1460193112281, 1460193112416
76, 1460193112404, 1460193112533
65, 1460193112504, 1460193112621
79, 1460193112642, 1460193112786
88, 1460193112734, 1460193112847
32, 1460193112834, 1460193112946
88, 1460193112969, 1460193113078
85, 1460193113095, 1460193113213
87, 1460193113130, 1460193113256
82, 1460193113311, 1460193113514
32, 1460193113480, 1460193113587
86, 1460193113686, 1460193113780
79, 1460193113759, 1460193113901
87, 1460193113868, 1460193113954
73, 1460193113991, 1460193114120
83, 1460193114073, 1460193114194
32, 1460193114151, 1460193114258
84, 1460193114339, 1460193114455
79, 1460193114388, 1460193114471
79, 1460193114557, 1460193114715
73, 1460193114597, 1460193114763
32, 1460193114742, 1460193114876
78, 1460193114842, 1460193114958
72, 1460193115022, 1460193115188
85, 1460193115064, 1460193115224
87, 1460193115169, 1460193115232
32, 1460193115272, 1460193115327
84, 1460193115293, 1460193115400
72, 1460193115357, 1460193115529
69, 1460193115497, 1460193115583
69, 1460193115643, 1460193115739
83, 1460193115819, 1460193115956
32, 1460193115913, 1460193116054
78, 1460193116037, 1460193116190
65, 1460193116122, 1460193116227
89, 1460193116263, 1460193116369
70, 1460193116305, 1460193116436
16, 1460193116546, 1460193117205
191, 1460193116698, 1460193116838
222, 1460193117004, 1460193117136
190, 1460193117879, 1460193117989
32, 1460193118040, 1460193118146
16, 1460193118122, 1460193118283
84, 1460193118195, 1460193118333
72, 1460193118390, 1460193118543
73, 1460193118434, 1460193118612
70, 1460193118519, 1460193118630
32, 1460193118651, 1460193118768
82, 1460193118704, 1460193118827
65, 1460193118929, 1460193119030
84, 1460193119159, 1460193119270
79, 1460193119201, 1460193119281
79, 1460193119364, 1460193119514
73, 1460193119407, 1460193119547
32, 1460193119533, 1460193119634
71, 1460193119656, 1460193119783
73, 1460193119757, 1460193119900
65, 1460193119877, 1460193119972
70, 1460193120070, 1460193120185
32, 1460193120144, 1460193120296
66, 1460193120282, 1460193120421
65, 1460193120378, 1460193120474
87, 1460193120551, 1460193120659
78, 1460193120692, 1460193120850
71, 1460193120825, 1460193120910
70, 1460193120997, 1460193121103
32, 1460193121263, 1460193121362
78, 1460193121622, 1460193121770
65, 1460193121707, 1460193121844
89, 1460193121893, 1460193122026
70, 1460193122007, 1460193122109
32, 1460193122166, 1460193122314
84, 1460193122241, 1460193122368
85, 1460193122356, 1460193122441
79, 1460193122826, 1460193122898
79, 1460193122982, 1460193123142
73, 1460193123037, 1460193123177
82, 1460193123163, 1460193123285
32, 1460193123382, 1460193123513
68, 1460193123562, 1460193123652
68, 1460193123729, 1460193123829
65, 1460193123925, 1460193124016
65, 1460193124080, 1460193124230
85, 1460193124193, 1460193124313
70, 1460193124276, 1460193124394
32, 1460193124380, 1460193124575
82, 1460193124490, 1460193124655
79, 1460193124600, 1460193124675
79, 1460193124758, 1460193124953
73, 1460193124828, 1460193124980
70, 1460193124893, 1460193125040
32, 1460193125011, 1460193125151
67, 1460193125257, 1460193125391
79, 1460193125513, 1460193125616
78, 1460193125773, 1460193125922
70, 1460193126130, 1460193126342
32, 1460193126644, 1460193126767
68, 1460193126932, 1460193127012
68, 1460193127105, 1460193127316
65, 1460193127239, 1460193127361
78, 1460193127299, 1460193127400
72, 1460193127467, 1460193127634
83, 1460193127619, 1460193127755
32, 1460193127773, 1460193127925
76, 1460193127848, 1460193127971
85, 1460193128052, 1460193128172
87, 1460193128075, 1460193128215
65, 1460193128144, 1460193128283
70, 1460193128360, 1460193128491
32, 1460193128551, 1460193128676
77, 1460193129304, 1460193129389
79, 1460193129472, 1460193129554
79, 1460193129644, 1460193129795
74, 1460193129696, 1460193129835
84, 1460193129738, 1460193129918
32, 1460193129897, 1460193130018
67, 1460193130101, 1460193130252
79, 1460193130186, 1460193130278
78, 1460193130363, 1460193130512
32, 1460193130482, 1460193130592
67, 1460193130559, 1460193130741
72, 1460193130660, 1460193130790
79, 1460193130718, 1460193130848
83, 1460193130867, 1460193130985
190, 1460193131127, 1460193131260
8, 1460193131675, 1460193131759
188, 1460193131924, 1460193131988
32, 1460193132056, 1460193132196
78, 1460193132171, 1460193132349
79, 1460193132281, 1460193132402
83, 1460193132330, 1460193132451
75, 1460193132536, 1460193132682
72, 1460193132659, 1460193132755
8, 1460193132936, 1460193133024
8, 1460193133111, 1460193133240
32, 1460193133197, 1460193133320
75, 1460193133372, 1460193133507
72, 1460193133485, 1460193133626
79, 1460193133590, 1460193133638
79, 1460193133720, 1460193133940
78, 1460193133810, 1460193133973
71, 1460193133877, 1460193134021
32, 1460193134004, 1460193134102
67, 1460193134180, 1460193134318
8, 1460193134884, 1460193134988
8, 1460193135164, 1460193135289
32, 1460193135881, 1460193135990
78, 1460193136083, 1460193136180
71, 1460193136305, 1460193136425
79, 1460193136382, 1460193136543
87, 1460193136504, 1460193136663
70, 1460193136807, 1460193136963
32, 1460193136946, 1460193137154
84, 1460193137089, 1460193137242
79, 1460193137180, 1460193137252
79, 1460193137344, 1460193137490
73, 1460193137387, 1460193137510
32, 1460193137556, 1460193137692
78, 1460193137954, 1460193138123
79, 1460193138095, 1460193138231
87, 1460193138157, 1460193138268
88, 1460193138390, 1460193138509
32, 1460193138468, 1460193138562
84, 1460193138649, 1460193138756
65, 1460193138856, 1460193138946
65, 1460193139002, 1460193139105
77, 1460193139051, 1460193139202
32, 1460193139228, 1460193139363
78, 1460193139344, 1460193139551
85, 1460193139430, 1460193139543
8, 1460193139687, 1460193139775
8, 1460193139850, 1460193139949
76, 1460193139976, 1460193140094
85, 1460193140187, 1460193140290
87, 1460193140235, 1460193140385
65, 1460193140306, 1460193140432
70, 1460193140517, 1460193140692
32, 1460193140648, 1460193140804
78, 1460193140771, 1460193140926
79, 1460193140877, 1460193141004
83, 1460193140987, 1460193141112
32, 1460193141265, 1460193141401
16, 1460193141377, 1460193141637
49, 1460193141499, 1460193141611
13, 1460193142046, 1460193142181
16, 1460193142268, 1460193142423
84, 1460193142330, 1460193142477
79, 1460193142522, 1460193142599
79, 1460193142665, 1460193142866
73, 1460193142704, 1460193142878
32, 1460193142850, 1460193142959
65, 1460193143021, 1460193143154
78, 1460193143192, 1460193143332
32, 1460193143511, 1460193143645
85, 1460193143720, 1460193143814
73, 1460193144109, 1460193144257
82, 1460193144234, 1460193144387
32, 1460193144351, 1460193144495
76, 1460193144612, 1460193144773
65, 1460193144751, 1460193144879
79, 1460193144860, 1460193145014
88, 1460193144998, 1460193145106
16, 1460193145162, 1460193145450
59, 1460193145284, 1460193145435
32, 1460193145539, 1460193145673
16, 1460193145735, 1460193145921
67, 1460193145874, 1460193146021
8, 1460193146155, 1460193146279
8, 1460193146535, 1460193146595
13, 1460193146881, 1460193146998
48, 1460193147148, 1460193147252
8, 1460193147533, 1460193147649
173, 1460193147750, 1460193147879
32, 1460193147938, 1460193148062
16, 1460193148022, 1460193148186
67, 1460193148118, 1460193148265
85, 1460193148312, 1460193148392
74, 1460193148493, 1460193148656
32, 1460193148633, 1460193148779
67, 1460193148754, 1460193148864
85, 1460193148845, 1460193148978
87, 1460193148957, 1460193149035
83, 1460193149135, 1460193149235
32, 1460193149256, 1460193149402
18, 1460193151780, 
84, 1460193163446, 1460193163596
85, 1460193163578, 1460193163732
79, 1460193163664, 1460193163786
87, 1460193163711, 1460193163809
78, 1460193163859, 1460193164008
71, 1460193163910, 1460193163993
82, 1460193164081, 1460193164250
32, 1460193164231, 1460193164383
84, 1460193164312, 1460193164447
72, 1460193164434, 1460193164581
69, 1460193164556, 1460193164627
69, 1460193164691, 1460193164773
83, 1460193164886, 1460193165021
32, 1460193165042, 1460193165139
68, 1460193165592, 1460193165686
68, 1460193165739, 1460193165841
65, 1460193165884, 1460193165961
65, 1460193166043, 1460193166132
89, 1460193166087, 1460193166208
83, 1460193166227, 1460193166401
32, 1460193166378, 1460193166520
67, 1460193166492, 1460193166641
72, 1460193166621, 1460193166791
85, 1460193166683, 1460193166839
87, 1460193166769, 1460193166850
83, 1460193166982, 1460193167120
32, 1460193167148, 1460193167277
78, 1460193169329, 1460193169512
79, 1460193169406, 1460193169564
83, 1460193169533, 1460193169662
32, 1460193169643, 1460193169766
67, 1460193169751, 1460193169861
72, 1460193169818, 1460193169962
65, 1460193169943, 1460193170021
82, 1460193170118, 1460193170291
32, 1460193170253, 1460193170320
66, 1460193170304, 1460193170448
73, 1460193170434, 1460193170573
69, 1460193170534, 1460193170605
69, 1460193170679, 1460193170755
83, 1460193170850, 1460193170925
84, 1460193171008, 1460193171115
32, 1460193171087, 1460193171208
68, 1460193171226, 1460193171317
68, 1460193171389, 1460193171495
65, 1460193171537, 1460193171623
85, 1460193171685, 1460193171812
65, 1460193171723, 1460193171779
32, 1460193171851, 1460193171977
16, 1460193171967, 1460193172188
49, 1460193172060, 1460193172178
32, 1460193172275, 1460193172382
16, 1460193172375, 1460193172609
86, 1460193172463, 1460193172565
65, 1460193172653, 1460193172754
82, 1460193172815, 1460193172958
32, 1460193172865, 1460193172996
76, 1460193172938, 1460193173058
65, 1460193173048, 1460193173186
73, 1460193173151, 1460193173296
74, 1460193173230, 1460193173348
32, 1460193173324, 1460193173455
65, 1460193173655, 1460193173804
73, 1460193173740, 1460193173885
32, 1460193173864, 1460193173991
78, 1460193173972, 1460193174068
85, 1460193174177, 1460193174270
79, 1460193174347, 1460193174414
79, 1460193174480, 1460193174647
73, 1460193174520, 1460193174652
32, 1460193174618, 1460193174720
67, 1460193174734, 1460193174908
72, 1460193174831, 1460193174965
79, 1460193174891, 1460193175040
83, 1460193175015, 1460193175147
32, 1460193175118, 1460193175212
77, 1460193175584, 1460193175715
65, 1460193175685, 1460193175807
70, 1460193175893, 1460193176029
32, 1460193175992, 1460193176101
67, 1460193176408, 1460193176495
72, 1460193176480, 1460193176614
65, 1460193176578, 1460193176678
82, 1460193176764, 1460193176924
32, 1460193176836, 1460193176984
66, 1460193176957, 1460193177072
65, 1460193177049, 1460193177193
78, 1460193177181, 1460193177321
83, 1460193177271, 1460193177399
32, 1460193177372, 1460193177515
72, 1460193177499, 1460193177620
65, 1460193177569, 1460193177714
89, 1460193177690, 1460193177820
32, 1460193177786, 1460193177872
71, 1460193177892, 1460193177998
73, 1460193177974, 1460193178119
69, 1460193178205, 1460193178287
69, 1460193178366, 1460193178472
83, 1460193178580, 1460193178676
84, 1460193178782, 1460193178912
32, 1460193178937, 1460193179051
84, 1460193179184, 1460193179306
72, 1460193179272, 1460193179408
73, 1460193179320, 1460193179465
74, 1460193179640, 1460193179691
84, 1460193179674, 1460193179752
16, 1460193180637, 1460193180821
16, 1460193180851, 1460193181090
191, 1460193180975, 1460193181079
32, 1460193181141, 1460193181233
16, 1460193181213, 1460193181434
84, 1460193181279, 1460193181384
65, 1460193181522, 1460193181632
32, 1460193181667, 1460193181783
84, 1460193181759, 1460193181907
73, 1460193181883, 1460193181995
69, 1460193181974, 1460193182197
83, 1460193182308, 1460193182406
84, 1460193182518, 1460193182634
83, 1460193182876, 1460193182969
8, 1460193183408, 1460193183487
8, 1460193183568, 1460193183634
8, 1460193183729, 1460193183785
8, 1460193183848, 1460193183924
8, 1460193183958, 1460193184092
71, 1460193184052, 1460193184159
73, 1460193184223, 1460193184342
69, 1460193184274, 1460193184353
69, 1460193184415, 1460193184516
83, 1460193184588, 1460193184698
84, 1460193184796, 1460193184928
32, 1460193184879, 1460193185016
78, 1460193185127, 1460193185325
79, 1460193185231, 1460193185396
83, 1460193185352, 1460193185512
32, 1460193185499, 1460193185616
67, 1460193185708, 1460193185863
72, 1460193185787, 1460193185919
73, 1460193185836, 1460193185956
78, 1460193186018, 1460193186105
72, 1460193186168, 1460193186296
83, 1460193186248, 1460193186378
32, 1460193186321, 1460193186499
76, 1460193186801, 1460193186935
65, 1460193186898, 1460193186991
70, 1460193187074, 1460193187216
32, 1460193187145, 1460193187277
72, 1460193187233, 1460193187376
79, 1460193187296, 1460193187433
83, 1460193187418, 1460193187575
65, 1460193187534, 1460193187678
32, 1460193187955, 1460193188095
75, 1460193188059, 1460193188143
73, 1460193188244, 1460193188361
69, 1460193188269, 1460193188350
69, 1460193188433, 1460193188549
80, 1460193188777, 1460193188948
83, 1460193188923, 1460193189048
32, 1460193189028, 1460193189180
67, 1460193189140, 1460193189314
72, 1460193189223, 1460193189349
79, 1460193189284, 1460193189411
32, 1460193189371, 1460193189520
78, 1460193189488, 1460193189669
79, 1460193189579, 1460193189750
83, 1460193189630, 1460193189756
32, 1460193189716, 1460193189819
68, 1460193189843, 1460193189923
68, 1460193190008, 1460193190097
65, 1460193190188, 1460193190260
65, 1460193190352, 1460193190493
89, 1460193190451, 1460193190557
83, 1460193190534, 1460193190675
188, 1460193190754, 1460193190910
32, 1460193190962, 1460193191088
72, 1460193191613, 1460193191749
79, 1460193191684, 1460193191814
70, 1460193192015, 1460193192130
65, 1460193192255, 1460193192393
32, 1460193192442, 1460193192571
75, 1460193193202, 1460193193297
73, 1460193193387, 1460193193531
69, 1460193193434, 1460193193515
69, 1460193193599, 1460193193738
80, 1460193193711, 1460193193853
83, 1460193193836, 1460193193946
32, 1460193193915, 1460193194072
68, 1460193194055, 1460193194105
68, 1460193194158, 1460193194240
69, 1460193194328, 1460193194388
69, 1460193194481, 1460193194607
82, 1460193194628, 1460193194790
32, 1460193194765, 1460193194924
67, 1460193194908, 1460193195050
72, 1460193195017, 1460193195185
79, 1460193195084, 1460193195245
32, 1460193195170, 1460193195306
78, 1460193195480, 1460193195640
79, 1460193195562, 1460193195693
83, 1460193195669, 1460193195834
32, 1460193195750, 1460193195883
76, 1460193195806, 1460193195933
65, 1460193195917, 1460193196038
77, 1460193196023, 1460193196151
70, 1460193196093, 1460193196238
32, 1460193196181, 1460193196326
75, 1460193196289, 1460193196393
73, 1460193196559, 1460193196605
69, 1460193196666, 1460193196754
80, 1460193196713, 1460193196863
83, 1460193196854, 1460193197018
32, 1460193196947, 1460193197129
75, 1460193197054, 1460193197155
72, 1460193197239, 1460193197379
65, 1460193197321, 1460193197486
83, 1460193197439, 1460193197566
67, 1460193197889, 1460193198052
190, 1460193198372, 1460193198503
13, 1460193198949, 1460193199201
16, 1460193199219, 1460193199436
76, 1460193199295, 1460193199444
65, 1460193199396, 1460193199540
79, 1460193199514, 1460193199668
88, 1460193199643, 1460193199707
32, 1460193199685, 1460193199808
67, 1460193199914, 1460193200079
72, 1460193200033, 1460193200215
85, 1460193200110, 1460193200268
65, 1460193200395, 1460193200576
32, 1460193200545, 1460193200730
67, 1460193200687, 1460193200831
72, 1460193200770, 1460193200897
65, 1460193200919, 1460193201027
83, 1460193201072, 1460193201183
84, 1460193201287, 1460193201436
32, 1460193201361, 1460193201523
66, 1460193201465, 1460193201580
65, 1460193201598, 1460193201726
79, 1460193201680, 1460193201825
82, 1460193201805, 1460193201936
16, 1460193201974, 1460193202204
59, 1460193202060, 1460193202172
13, 1460193202335, 1460193202457
173, 1460193202670, 1460193202746
32, 1460193202845, 1460193202989
16, 1460193202932, 1460193204631
79, 1460193204610, 1460193204622
79, 1460193204644, 1460193204656
78, 1460193204665, 1460193204708
71, 1460193204678, 1460193204751
32, 1460193204717, 1460193204768
71, 1460193204761, 1460193204784
73, 1460193204777, 1460193204789
65, 1460193204797, 1460193204818
79, 1460193204810, 1460193204843
83, 1460193204834, 1460193204860
32, 1460193204852, 1460193204880
78, 1460193204871, 1460193204885
79, 1460193204893, 1460193204913
73, 1460193204906, 1460193204917
83, 1460193204926, 1460193204936
80, 1460193205633, 1460193205750
72, 1460193205817, 1460193205929
65, 1460193205880, 1460193206055
73, 1460193205991, 1460193206146
82, 1460193206102, 1460193206218
32, 1460193206203, 1460193206344
16, 1460193206317, 1460193206637
49, 1460193206448, 1460193206600
32, 1460193206727, 1460193206871
16, 1460193207520, 1460193207728
75, 1460193207670, 1460193207743
73, 1460193208089, 1460193208211
69, 1460193208177, 1460193208264
69, 1460193208337, 1460193208406
80, 1460193208380, 1460193208537
83, 1460193208521, 1460193208667
32, 1460193208641, 1460193208774
67, 1460193208800, 1460193208930
72, 1460193208896, 1460193209087
79, 1460193208967, 1460193209131
32, 1460193209065, 1460193209297
67, 1460193209269, 1460193209367
72, 1460193209350, 1460193209549
80, 1460193209477, 1460193209621
8, 1460193209989, 1460193210095
79, 1460193210204, 1460193210386
83, 1460193210365, 1460193210461
32, 1460193210481, 1460193210644
76, 1460193210659, 1460193210822
65, 1460193210762, 1460193210858
70, 1460193210937, 1460193211089
32, 1460193211023, 1460193211144
75, 1460193211078, 1460193211166
73, 1460193211242, 1460193211376
69, 1460193211290, 1460193211360
69, 1460193211434, 1460193211537
80, 1460193211487, 1460193211647
83, 1460193211619, 1460193211757
32, 1460193211712, 1460193211865
75, 1460193211844, 1460193211960
72, 1460193212077, 1460193212188
79, 1460193212124, 1460193212226
79, 1460193212302, 1460193212409
82, 1460193212627, 1460193212793
32, 1460193212772, 1460193212960
84, 1460193212863, 1460193213004
72, 1460193212935, 1460193213073
73, 1460193212990, 1460193213146
70, 1460193213105, 1460193213221
32, 1460193213180, 1460193213391
84, 1460193213352, 1460193213492
65, 1460193213932, 1460193214089
32, 1460193214107, 1460193214253
72, 1460193214267, 1460193214431
79, 1460193214347, 1460193214469
70, 1460193214637, 1460193214754
65, 1460193214922, 1460193215054
83, 1460193215124, 1460193215262
32, 1460193215369, 1460193215508
75, 1460193215562, 1460193215658
73, 1460193215753, 1460193215885
69, 1460193215795, 1460193215874
69, 1460193215951, 1460193216048
80, 1460193216018, 1460193216148
83, 1460193216132, 1460193216259
32, 1460193216209, 1460193216348
67, 1460193216329, 1460193216509
72, 1460193216406, 1460193216563
79, 1460193216479, 1460193216610
32, 1460193216551, 1460193216705
78, 1460193216688, 1460193216863
79, 1460193216765, 1460193216949
83, 1460193216828, 1460193216957
32, 1460193216906, 1460193217089
68, 1460193217045, 1460193217148
68, 1460193217205, 1460193217300
69, 1460193217357, 1460193217442
69, 1460193217532, 1460193217674
82, 1460193217638, 1460193217808
32, 1460193217830, 1460193218021
78, 1460193217992, 1460193218192
79, 1460193218074, 1460193218250
83, 1460193218233, 1460193218413
32, 1460193218388, 1460193218570
76, 1460193218518, 1460193218647
65, 1460193218603, 1460193218700
77, 1460193218723, 1460193218884
70, 1460193218794, 1460193218910
32, 1460193218860, 1460193219001
67, 1460193219042, 1460193219137
8, 1460193219307, 1460193219368
75, 1460193219514, 1460193219630
73, 1460193219711, 1460193219850
69, 1460193219774, 1460193219860
69, 1460193219926, 1460193220036
80, 1460193219972, 1460193220143
83, 1460193220128, 1460193220273
32, 1460193220222, 1460193220376
78, 1460193220448, 1460193220543
85, 1460193220645, 1460193220739
79, 1460193220855, 1460193220982
8, 1460193221196, 1460193221322
71, 1460193221360, 1460193221526
85, 1460193221472, 1460193221569
79, 1460193221640, 1460193221749
87, 1460193221693, 1460193221827
73, 1460193221809, 1460193221937
70, 1460193221918, 1460193222022
188, 1460193222929, 1460193223038
32, 1460193223103, 1460193223246
77, 1460193225039, 1460193225183
65, 1460193225144, 1460193225303
89, 1460193225331, 1460193225456
32, 1460193225414, 1460193225561
82, 1460193225526, 1460193225628
65, 1460193225733, 1460193225851
32, 1460193225816, 1460193225981
67, 1460193225960, 1460193226133
79, 1460193226344, 1460193226506
83, 1460193226527, 1460193226653
32, 1460193226677, 1460193226827
83, 1460193226862, 1460193227029
85, 1460193227001, 1460193227092
78, 1460193227183, 1460193227332
71, 1460193227233, 1460193227366
32, 1460193228814, 1460193228967
83, 1460193228939, 1460193229063
85, 1460193229048, 1460193229181
79, 1460193229089, 1460193229233
87, 1460193229153, 1460193229246
83, 1460193229406, 1460193229543
78, 1460193229513, 1460193229659
71, 1460193229634, 1460193229754
32, 1460193229789, 1460193229916
72, 1460193229872, 1460193229985
79, 1460193230035, 1460193230144
87, 1460193230121, 1460193230231
78, 1460193230202, 1460193230341
32, 1460193230303, 1460193230435
77, 1460193230851, 1460193230940
79, 1460193231013, 1460193231098
79, 1460193231168, 1460193231328
74, 1460193231214, 1460193231379
84, 1460193231260, 1460193231393
32, 1460193231367, 1460193231475
67, 1460193231512, 1460193231632
72, 1460193231590, 1460193231714
85, 1460193231614, 1460193231774
83, 1460193231755, 1460193231853
84, 1460193231955, 1460193232078
190, 1460193232172, 1460193232249
190, 1460193232366, 1460193232451
190, 1460193232577, 1460193232698
75, 1460193233039, 1460193233143
73, 1460193233228, 1460193233343
69, 1460193233249, 1460193233326
69, 1460193233392, 1460193233492
80, 1460193233450, 1460193233614
83, 1460193233585, 1460193233722
32, 1460193233644, 1460193233803
78, 1460193233779, 1460193233899
85, 1460193234008, 1460193234154
8, 1460193234390, 1460193234537
71, 1460193234506, 1460193234637
85, 1460193234575, 1460193234686
79, 1460193234754, 1460193234874
87, 1460193234830, 1460193234957
73, 1460193234937, 1460193235066
70, 1460193235047, 1460193235214
32, 1460193235193, 1460193235298
78, 1460193235440, 1460193235530
72, 1460193235612, 1460193235766
85, 1460193235664, 1460193235819
87, 1460193235749, 1460193235878
32, 1460193235859, 1460193236003
75, 1460193236084, 1460193236184
73, 1460193236286, 1460193236393
69, 1460193236350, 1460193236401
69, 1460193236468, 1460193236570
85, 1460193236525, 1460193236659
82, 1460193236642, 1460193236778
32, 1460193236758, 1460193237000
84, 1460193236872, 1460193237044
79, 1460193237101, 1460193237262
73, 1460193237156, 1460193237309
32, 1460193237286, 1460193237396
67, 1460193237444, 1460193237599
72, 1460193237566, 1460193237723
65, 1460193237677, 1460193237757
87, 1460193237853, 1460193237956
78, 1460193237917, 1460193238093
71, 1460193238048, 1460193238163
82, 1460193238257, 1460193238401
32, 1460193238609, 1460193238772
72, 1460193238756, 1460193238866
65, 1460193238854, 1460193239047
78, 1460193238999, 1460193239135
74, 1460193239062, 1460193239157
190, 1460193239355, 1460193239451
190, 1460193239569, 1460193239638
190, 1460193239764, 1460193239878
13, 1460193239948, 1460193240060
16, 1460193240207, 1460193240403
84, 1460193240352, 1460193240521
79, 1460193240496, 1460193240583
79, 1460193240653, 1460193240803
73, 1460193240704, 1460193240842
32, 1460193240827, 1460193240967
66, 1460193241162, 1460193241294
85, 1460193241261, 1460193241429
73, 1460193241327, 1460193241480
70, 1460193241409, 1460193241541
32, 1460193241503, 1460193241611
78, 1460193241565, 1460193241715
71, 1460193241757, 1460193241923
85, 1460193241888, 1460193242039
73, 1460193241950, 1460193242116
70, 1460193242082, 1460193242261
32, 1460193242216, 1460193242369
78, 1460193242318, 1460193242413
72, 1460193242481, 1460193242595
73, 1460193242534, 1460193242645
78, 1460193242697, 1460193242835
70, 1460193242755, 1460193242918
32, 1460193242862, 1460193242995
76, 1460193242945, 1460193243149
65, 1460193243130, 1460193243202
79, 1460193243189, 1460193243314
88, 1460193243291, 1460193243416
188, 1460193243470, 1460193243597
32, 1460193243642, 1460193243784
66, 1460193243765, 1460193243881
65, 1460193243840, 1460193243981
79, 1460193243956, 1460193244084
82, 1460193244047, 1460193244183
16, 1460193244198, 1460193244463
59, 1460193244288, 1460193244450
13, 1460193244728, 1460193244843
173, 1460193245170, 1460193245284
32, 1460193245310, 1460193245479
16, 1460193245447, 1460193245629
75, 1460193245524, 1460193245643
73, 1460193245778, 1460193245966
69, 1460193245992, 1460193246076
69, 1460193246146, 1460193246258
80, 1460193246193, 1460193246379
83, 1460193246402, 1460193246545
32, 1460193246568, 1460193246709
65, 1460193246814, 1460193246956
73, 1460193246981, 1460193247123
32, 1460193247058, 1460193247194
67, 1460193247270, 1460193247390
85, 1460193247440, 1460193247571
88, 1460193247514, 1460193247626
78, 1460193247662, 1460193247811
71, 1460193247729, 1460193247849
32, 1460193247929, 1460193248099
84, 1460193247972, 1460193248135
72, 1460193248072, 1460193248180
69, 1460193248273, 1460193248356
69, 1460193248419, 1460193248504
83, 1460193248607, 1460193248706
32, 1460193248687, 1460193248897
84, 1460193248820, 1460193248946
72, 1460193248877, 1460193248962
79, 1460193249036, 1460193249121
79, 1460193249207, 1460193249339
73, 1460193249249, 1460193249356
188, 1460193249489, 1460193249619
32, 1460193249578, 1460193249714
67, 1460193249671, 1460193249848
85, 1460193249765, 1460193249862
74, 1460193249952, 1460193250096
32, 1460193250016, 1460193250143
65, 1460193250166, 1460193250315
74, 1460193250289, 1460193250415
32, 1460193250731, 1460193250870
16, 1460193250814, 1460193251047
49, 1460193250920, 1460193251062
32, 1460193251144, 1460193251276
16, 1460193251293, 1460193251498
67, 1460193251463, 1460193251617
85, 1460193251645, 1460193251728
74, 1460193251834, 1460193251958
32, 1460193251931, 1460193252156
84, 1460193252016, 1460193252169
85, 1460193252129, 1460193252239
79, 1460193252191, 1460193252310
87, 1460193252261, 1460193252367
78, 1460193252394, 1460193252537
71, 1460193252443, 1460193252521
82, 1460193252609, 1460193252750
32, 1460193252728, 1460193252912
84, 1460193252807, 1460193252964
79, 1460193252869, 1460193252951
79, 1460193253021, 1460193253175
73, 1460193253077, 1460193253217
32, 1460193253200, 1460193253331
83, 1460193253386, 1460193253530
85, 1460193253466, 1460193253573
78, 1460193253655, 1460193253815
71, 1460193253740, 1460193253853
32, 1460193253898, 1460193254004
83, 1460193254070, 1460193254206
85, 1460193254231, 1460193254378
79, 1460193254306, 1460193254467
87, 1460193254345, 1460193254433
83, 1460193254517, 1460193254623
78, 1460193254596, 1460193254755
71, 1460193254712, 1460193254846
32, 1460193254822, 1460193254984
72, 1460193254966, 1460193255081
79, 1460193255030, 1460193255146
87, 1460193255104, 1460193255249
78, 1460193255220, 1460193255355
32, 1460193255271, 1460193255448
67, 1460193255423, 1460193255551
72, 1460193255529, 1460193255662
65, 1460193255649, 1460193255737
87, 1460193255820, 1460193255919
78, 1460193255900, 1460193256074
71, 1460193256040, 1460193256154
32, 1460193256367, 1460193256506
16, 1460193256541, 1460193256914
191, 1460193256692, 1460193256799
13, 1460193257686, 1460193257814
173, 1460193257957, 1460193258080
32, 1460193258145, 1460193258242
16, 1460193258204, 1460193258377
84, 1460193258328, 1460193258452
72, 1460193258476, 1460193258613
69, 1460193258580, 1460193258634
69, 1460193258721, 1460193258781
83, 1460193258888, 1460193258975
84, 1460193259079, 1460193259205
8, 1460193259466, 1460193259587
32, 1460193259560, 1460193259733
84, 1460193259630, 1460193259767
72, 1460193259707, 1460193259858
73, 1460193259785, 1460193259929
70, 1460193259886, 1460193260039
32, 1460193259994, 1460193260111
75, 1460193260231, 1460193260362
72, 1460193260317, 1460193260462
79, 1460193260419, 1460193260505
79, 1460193260594, 1460193260742
78, 1460193260643, 1460193260774
71, 1460193260711, 1460193260858
32, 1460193260831, 1460193260946
66, 1460193260928, 1460193261090
73, 1460193261006, 1460193261172
69, 1460193261056, 1460193261138
69, 1460193261217, 1460193261301
83, 1460193261402, 1460193261488
84, 1460193261583, 1460193261733
32, 1460193261662, 1460193261831
78, 1460193262741, 1460193262890
69, 1460193262870, 1460193262950
69, 1460193263021, 1460193263114
85, 1460193263067, 1460193263186
83, 1460193263223, 1460193263351
32, 1460193263302, 1460193263442
75, 1460193263379, 1460193263494
73, 1460193263572, 1460193263709
69, 1460193263603, 1460193263683
69, 1460193263781, 1460193263887
80, 1460193263866, 1460193264027
83, 1460193264008, 1460193264133
32, 1460193264157, 1460193264283
78, 1460193264462, 1460193264586
71, 1460193264706, 1460193264893
85, 1460193264877, 1460193264980
79, 1460193265057, 1460193265180
87, 1460193265134, 1460193265291
73, 1460193265252, 1460193265440
70, 1460193265411, 1460193265478
32, 1460193265457, 1460193265565
67, 1460193265588, 1460193265716
85, 1460193265755, 1460193265899
70, 1460193265860, 1460193266022
78, 1460193265986, 1460193266163
71, 1460193266114, 1460193266257
32, 1460193266334, 1460193266470
75, 1460193266568, 1460193266627
72, 1460193266759, 1460193266846
79, 1460193266914, 1460193266988
79, 1460193267064, 1460193267237
82, 1460193267209, 1460193267378
32, 1460193267345, 1460193267516
78, 1460193267430, 1460193267543
79, 1460193267612, 1460193267688
79, 1460193267748, 1460193267900
83, 1460193267794, 1460193267915
84, 1460193268005, 1460193268138
32, 1460193268120, 1460193268323
84, 1460193268219, 1460193268386
72, 1460193268304, 1460193268457
73, 1460193268369, 1460193268541
70, 1460193268483, 1460193268598
32, 1460193268578, 1460193268747
84, 1460193268691, 1460193268820
65, 1460193268956, 1460193269118
32, 1460193269153, 1460193269292
78, 1460193269264, 1460193269408
69, 1460193269348, 1460193269441
69, 1460193269508, 1460193269637
78, 1460193269538, 1460193269657
32, 1460193269616, 1460193269725
76, 1460193269824, 1460193269979
65, 1460193269934, 1460193270075
77, 1460193270053, 1460193270244
70, 1460193270166, 1460193270359
32, 1460193270316, 1460193270435
71, 1460193270519, 1460193270681
8, 1460193270843, 1460193270961
75, 1460193271036, 1460193271146
73, 1460193271246, 1460193271399
69, 1460193271322, 1460193271414
69, 1460193271491, 1460193271593
80, 1460193271541, 1460193271655
83, 1460193271696, 1460193271782
32, 1460193271807, 1460193271943
71, 1460193271899, 1460193271994
73, 1460193271955, 1460193272104
70, 1460193272084, 1460193272194
32, 1460193272146, 1460193272299
67, 1460193272281, 1460193272430
72, 1460193272364, 1460193272540
79, 1460193272415, 1460193272565
32, 1460193272507, 1460193272676
84, 1460193272596, 1460193272703
72, 1460193272723, 1460193272854
65, 1460193272829, 1460193272929
65, 1460193273008, 1460193273068
74, 1460193273042, 1460193273183
84, 1460193273148, 1460193273275
32, 1460193273233, 1460193273351
85, 1460193273450, 1460193273632
8, 1460193273794, 1460193273884
83, 1460193273867, 1460193273979
85, 1460193274021, 1460193274134
87, 1460193274066, 1460193274168
79, 1460193274093, 1460193274225
83, 1460193274258, 1460193274396
78, 1460193274366, 1460193274500
71, 1460193274480, 1460193274608
190, 1460193275554, 1460193275671
8, 1460193277118, 1460193277204
16, 1460193277365, 1460193277577
191, 1460193277417, 1460193277557
32, 1460193277760, 1460193277852
8, 1460193278395, 1460193278479
13, 1460193278641, 1460193278747
16, 1460193278942, 1460193279137
76, 1460193279033, 1460193279184
65, 1460193279159, 1460193279260
79, 1460193279286, 1460193279424
88, 1460193279610, 1460193279737
32, 1460193279792, 1460193279913
67, 1460193280334, 1460193280472
85, 1460193280428, 1460193280551
79, 1460193280606, 1460193280722
87, 1460193280659, 1460193280766
73, 1460193280792, 1460193280941
70, 1460193280887, 1460193281007
32, 1460193280987, 1460193281087
86, 1460193281214, 1460193281358
65, 1460193281650, 1460193281781
32, 1460193282161, 1460193282323
72, 1460193282309, 1460193282423
79, 1460193282666, 1460193282893
32, 1460193283544, 1460193283660
83, 1460193283737, 1460193283885
79, 1460193283862, 1460193283979
78, 1460193284040, 1460193284222
71, 1460193284164, 1460193284276
70, 1460193284609, 1460193284736
32, 1460193284805, 1460193284922
79, 1460193285130, 1460193285181
8, 1460193285437, 1460193285548
83, 1460193285588, 1460193285702
79, 1460193285650, 1460193285805
74, 1460193285760, 1460193285918
67, 1460193285865, 1460193285998
190, 1460193286107, 1460193286216
32, 1460193286241, 1460193286330
16, 1460193286298, 1460193286459
84, 1460193286381, 1460193286573
79, 1460193286548, 1460193286623
79, 1460193286699, 1460193286845
73, 1460193286745, 1460193286866
32, 1460193286887, 1460193287010
78, 1460193287128, 1460193287280
65, 1460193287177, 1460193287265
87, 1460193287346, 1460193287444
77, 1460193287410, 1460193287572
83, 1460193287768, 1460193287874
32, 1460193288201, 1460193288352
76, 1460193288515, 1460193288639
65, 1460193288597, 1460193288685
65, 1460193288733, 1460193288830
89, 1460193288805, 1460193288902
83, 1460193288884, 1460193288980
