"KeyCode","KeyDown","KeyUp"
16, 1460181295168, 1460181295340
84, 1460181295292, 1460181295396
65, 1460181295492, 1460181295564
32, 1460181295676, 1460181295783
84, 1460181295812, 1460181295876
72, 1460181295932, 1460181296076
85, 1460181296044, 1460181296140
79, 1460181296244, 1460181296364
78, 1460181296332, 1460181296419
71, 1460181296404, 1460181296484
32, 1460181296532, 1460181296604
84, 1460181296620, 1460181296684
79, 1460181296764, 1460181296844
73, 1460181296940, 1460181297012
32, 1460181297043, 1460181297140
66, 1460181297180, 1460181297252
85, 1460181297308, 1460181297396
65, 1460181297428, 1460181297516
32, 1460181297548, 1460181297620
81, 1460181297804, 1460181297908
85, 1460181297909, 1460181297988
69, 1460181298044, 1460181298124
78, 1460181298140, 1460181298204
32, 1460181298300, 1460181298364
65, 1460181298428, 1460181298524
78, 1460181298548, 1460181298620
32, 1460181298708, 1460181298780
78, 1460181298884, 1460181299004
85, 1460181298956, 1460181299052
65, 1460181299054, 1460181299132
32, 1460181299164, 1460181299276
68, 1460181299277, 1460181299420
69, 1460181299380, 1460181299491
77, 1460181299460, 1460181299532
32, 1460181299628, 1460181299700
86, 1460181299724, 1460181299828
79, 1460181299829, 1460181299900
32, 1460181299932, 1460181300028
71, 1460181300123, 1460181300196
79, 1460181300197, 1460181300268
73, 1460181300364, 1460181300445
32, 1460181300446, 1460181300532
82, 1460181300652, 1460181300740
85, 1460181300796, 1460181300868
79, 1460181300980, 1460181301051
84, 1460181301556, 1460181301628
32, 1460181301836, 1460181301932
68, 1460181302076, 1460181302212
65, 1460181302180, 1460181302285
85, 1460181302287, 1460181302363
32, 1460181302395, 1460181302476
78, 1460181302508, 1460181302580
72, 1460181302692, 1460181302788
85, 1460181302748, 1460181302870
32, 1460181302812, 1460181302956
67, 1460181302957, 1460181303083
65, 1460181303028, 1460181303147
84, 1460181303334, 1460181303412
32, 1460181303476, 1460181303540
78, 1460181303636, 1460181303716
85, 1460181303836, 1460181303900
79, 1460181304012, 1460181304076
67, 1460181304092, 1460181304188
32, 1460181304212, 1460181304300
77, 1460181304301, 1460181304372
65, 1460181304396, 1460181304492
84, 1460181304516, 1460181304596
32, 1460181304628, 1460181304692
68, 1460181304780, 1460181304892
65, 1460181304828, 1460181304972
77, 1460181304940, 1460181305020
32, 1460181305124, 1460181305188
68, 1460181305220, 1460181305316
73, 1460181305348, 1460181305420
65, 1460181305444, 1460181305548
32, 1460181305604, 1460181305700
67, 1460181305771, 1460181305852
72, 1460181305876, 1460181305980
73, 1460181305916, 1460181306036
32, 1460181306037, 1460181306124
84, 1460181306140, 1460181306204
73, 1460181306300, 1460181306364
69, 1460181306388, 1460181306468
67, 1460181306548, 1460181306648
32, 1460181306659, 1460181306732
75, 1460181306828, 1460181306900
72, 1460181306964, 1460181307036
79, 1460181307108, 1460181307212
78, 1460181307214, 1460181307292
71, 1460181307316, 1460181307380
32, 1460181307452, 1460181307541
88, 1460181307572, 1460181307708
65, 1460181307684, 1460181307788
32, 1460181307812, 1460181307875
84, 1460181307964, 1460181308044
72, 1460181308108, 1460181308228
73, 1460181308180, 1460181308292
84, 1460181308380, 1460181308452
32, 1460181308500, 1460181308580
76, 1460181308668, 1460181308740
79, 1460181308852, 1460181308916
84, 1460181308988, 1460181309060
32, 1460181309116, 1460181309188
68, 1460181309499, 1460181309620
65, 1460181309588, 1460181309692
32, 1460181309748, 1460181309828
78, 1460181310132, 1460181310204
85, 1460181310299, 1460181310372
79, 1460181310484, 1460181310548
84, 1460181310580, 1460181310660
32, 1460181310732, 1460181310812
71, 1460181310868, 1460181310956
65, 1460181310957, 1460181311045
78, 1460181311046, 1460181311116
32, 1460181311220, 1460181311283
85, 1460181311396, 1460181311460
79, 1460181311564, 1460181311668
78, 1460181311636, 1460181311716
71, 1460181311756, 1460181311836
32, 1460181311837, 1460181311986
77, 1460181311988, 1460181312003
65, 1460181312044, 1460181312172
85, 1460181312174, 1460181312244
32, 1460181312260, 1460181312364
81, 1460181312348, 1460181312452
85, 1460181312532, 1460181312612
65, 1460181312748, 1460181312844
78, 1460181312868, 1460181312932
32, 1460181313052, 1460181313124
84, 1460181313147, 1460181313228
72, 1460181313324, 1460181313436
85, 1460181313404, 1460181313500
32, 1460181313628, 1460181313716
68, 1460181313996, 1460181314116
65, 1460181314091, 1460181314211
85, 1460181314283, 1460181314363
32, 1460181314411, 1460181314549
67, 1460181314516, 1460181314643
72, 1460181314645, 1460181314739
79, 1460181314683, 1460181314827
32, 1460181314829, 1460181314907
84, 1460181314939, 1460181315011
72, 1460181315059, 1460181315140
65, 1460181315172, 1460181315260
78, 1460181315276, 1460181315348
32, 1460181315452, 1460181315516
78, 1460181315596, 1460181315660
89, 1460181315820, 1460181315908
65, 1460181315884, 1460181316020
32, 1460181316611, 1460181316692
80, 1460181316844, 1460181316924
72, 1460181317068, 1460181317164
79, 1460181317148, 1460181317244
73, 1460181317348, 1460181317420
32, 1460181317460, 1460181317572
78, 1460181317892, 1460181317964
71, 1460181318013, 1460181318076
79, 1460181318132, 1460181318198
65, 1460181318284, 1460181318396
73, 1460181318428, 1460181318532
32, 1460181318580, 1460181318716
78, 1460181318811, 1460181318924
79, 1460181318926, 1460181319020
73, 1460181319123, 1460181319204
32, 1460181319205, 1460181319361
67, 1460181319331, 1460181319460
79, 1460181319461, 1460181319555
32, 1460181319603, 1460181319715
78, 1460181319875, 1460181319955
71, 1460181320003, 1460181320083
72, 1460181320140, 1460181320244
73, 1460181320204, 1460181320340
78, 1460181320964, 1460181321055
32, 1460181321396, 1460181321508
88, 1460181321891, 1460181321996
65, 1460181321964, 1460181322140
67, 1460181322124, 1460181322220
32, 1460181322308, 1460181322379
78, 1460181322484, 1460181322556
65, 1460181322604, 1460181322716
89, 1460181322718, 1460181322804
32, 1460181322908, 1460181322996
71, 1460181323116, 1460181323179
79, 1460181323211, 1460181323284
73, 1460181323388, 1460181323460
32, 1460181323476, 1460181323555
82, 1460181323748, 1460181323852
79, 1460181323788, 1460181323947
78, 1460181323916, 1460181324036
71, 1460181324196, 1460181324284
32, 1460181324540, 1460181324612
68, 1460181324740, 1460181324844
65, 1460181324812, 1460181324943
32, 1460181324956, 1460181325028
78, 1460181325156, 1460181325228
71, 1460181325260, 1460181325332
85, 1460181325395, 1460181325484
65, 1460181325500, 1460181325604
32, 1460181325636, 1460181325708
84, 1460181325764, 1460181325836
32, 1460181325939, 1460181326020
65, 1460181326068, 1460181326164
67, 1460181327100, 1460181327195
85, 1460181327275, 1460181327363
78, 1460181327307, 1460181327428
71, 1460181327476, 1460181327556
32, 1460181327684, 1460181327764
67, 1460181328716, 1460181328852
65, 1460181328808, 1460181328916
78, 1460181329036, 1460181329100
32, 1460181329212, 1460181329294
76, 1460181329388, 1460181329468
79, 1460181329596, 1460181329660
78, 1460181329692, 1460181329772
71, 1460181329748, 1460181329820 